10000
68755222
2264606
10020
46556282
846941
10040
40874910
812134
10060
44222065
826414
10080
43953436
861219
10100
44380921
824629
10120
44675431
846048
10140
44502295
838909
10160
44426883
895579
10180
40396999
892902
10200
40679462
840247
10220
39935600
830877
10240
39386740
899149
10260
40891420
872821
10280
39575941
825075
10300
40346130
825075
10320
39865989
900041
10340
39816904
869252
10360
40150683
881300
10380
40718284
839355
10400
40852152
845155
10420
40142650
819721
10440
40098474
889778
10460
40517928
1020969
10480
40021276
854526
10500
40032878
811688
10520
39926676
821059
10540
39754432
902273
10560
39662509
861666
10580
39920428
851403
10600
39702223
854080
10620
39695529
817936
10640
40326495
860328
10660
40507664
832661
10680
40136403
857650
10700
40138634
30647370
10720
50061401
797855
10740
39839215
572957
10760
40289459
593930
10780
39720965
566709
10800
39668757
558677
10820
40018598
557785
10840
39970406
579650
10860
39816011
556000
10880
40951214
559569
10900
39828952
555107
10920
39321144
571618
10940
40052958
556893
10960
40364872
593483
10980
40027524
564924
11000
40008782
556892
11020
40119446
595714
11040
39216728
555107
11060
40532653
582327
11080
39325607
557339
11100
40399678
558677
11120
39816903
556000
11140
39911058
597945
11160
39452336
555554
11180
39645999
554661
11200
39650461
591698
11220
39641983
595714
11240
39795931
553769
11260
39870452
554214
11280
40347914
557785
11300
40098027
589913
11320
40065899
594822
11340
40089549
558677
11360
39338102
601515
11380
39312667
556000
11400
40143097
590359
11420
39934262
597499
11440
40718731
1533685
11460
40923995
591252
11480
39662063
553768
11500
40421543
578757
11520
40185935
557338
11540
39998965
815258
11560
40084194
601515
11580
40116322
572510
11600
39503652
556446
11620
39568801
589020
11640
39471970
615795
11660
40363087
557338
11680
39818243
605084
11700
39920429
554215
11720
39491604
572510
11740
39818243
559569
11760
39512576
555554
11780
39936047
555107
11800
40031540
593036
11820
39387634
568047
11840
39699546
555553
11860
51623645
588574
11880
39980670
554214
11900
39544705
558231
11920
40653581
580989
11940
40928903
576527
11960
40803067
578757
11980
39450997
555553
12000
39551844
603300
12020
39081520
554215
12040
39906149
590360
12060
40015922
554215
12080
39249302
553322
12100
39449658
556000
12120
39728997
562247
12140
39837430
555108
12160
39120788
1568044
12180
40157822
616241
12200
40469288
595268
12220
40557642
561800
12240
40226987
579650
12260
39857957
558231
12280
39743277
555999
12300
39992271
574742
12320
39558538
575633
12340
39376031
590360
12360
39763357
593036
12380
40104275
560016
12400
39372907
555554
12420
39536672
555108
12440
39866882
614455
12460
40832964
596160
12480
39750416
558231
12500
39608070
575187
12520
39436272
555999
12540
39803071
591698
12560
39529533
572064
12580
39562554
555107
12600
39886961
555107
12620
39603607
559570
12640
39494727
580543
12660
39726319
555553
12680
39979776
593929
12700
39824043
556000
12720
40476875
558677
12740
40229218
555553
12760
40541132
558231
12780
39930245
592145
12800
39774959
610886
12820
40270718
557785
12840
39757555
572511
12860
39906596
556000
12880
40208691
558231
12900
39802178
1815701
12920
39559876
556446
12940
40148005
620257
12960
39661170
555108
12980
39394326
558231
13000
39717395
595714
13020
39730782
576526
13040
39915966
594822
13060
39274737
556892
13080
39583526
557339
13100
39525517
558677
13120
39212712
559569
13140
40063668
574295
13160
38941851
574741
13180
40083749
595267
13200
39538458
557785
13220
39791915
576973
13240
39451890
630073
13260
40148005
561800
13280
39829844
559124
13300
39252872
557339
13320
39289016
558231
13340
39502759
557785
13360
39584865
558231
13380
39566124
563139
13400
39520608
557785
13420
41177453
579649
13440
39137299
556000
13460
39818689
574741
13480
39448766
575188
13500
39566570
556446
13520
40198428
613564
13540
39807979
595268
13560
39606284
558677
13580
39384509
557339
13600
39640198
579650
13620
39547828
559570
13640
39324714
1572507
13660
39584419
556000
13680
39686159
570726
13700
39286339
555554
13720
39303296
554661
13740
39175229
554660
13760
39859742
585451
13780
39877144
557785
13800
40904361
576526
13820
42376467
604192
13840
41489366
556892
13860
41481780
582327
13880
41485796
557338
13900
41862412
612225
13920
41623234
595714
13940
40364425
561355
13960
39188615
555108
13980
40456348
597053
14000
42938714
605085
14020
41936486
602853
14040
42009667
601515
14060
41893648
598392
14080
53195705
600176
14100
41235016
597052
14120
41477317
605531
14140
40781202
595714
14160
39827613
624720
14180
40379597
602407
14200
41263574
640337
14220
40617883
585005
14240
41046261
609101
14260
41474194
605531
14280
40456795
564032
14300
40425559
590806
14320
40897221
555554
14340
41009671
604639
14360
41434926
1765723
14380
40533992
565371
14400
41543360
578311
14420
41295703
616240
14440
40933812
593930
14460
41352819
577418
14480
40312663
560463
14500
41156926
560462
14520
41337648
598391
14540
39609854
557339
14560
41621002
697008
14580
41137738
939310
14600
40020384
604638
14620
40534884
611332
14640
41447867
575633
14660
40230557
597946
14680
41119889
599284
14700
40617437
571617
14720
40187719
599284
14740
41467500
608209
14760
42333183
614455
14780
41273392
687636
14800
41256435
678712
14820
41208242
585005
14840
41858843
592590
14860
42115423
631859
14880
41901680
583666
14900
41130153
553768
14920
41741484
613117
14940
42195298
595268
14960
41526848
613563
14980
42011898
622488
15000
41000300
586790
15020
41723189
615795
15040
41847240
655062
15060
41543360
610886
15080
41558084
1849614
15100
41776290
596607
15120
40881603
578311
15140
41484011
580988
15160
41255096
634089
15180
41503199
617133
15200
40831179
598838
15220
40626361
576080
15240
39513916
573849
15260
40212261
589467
15280
41872675
598837
15300
41230999
575634
15320
41393873
615794
15340
40935150
878623
15360
41016810
606870
15380
41008779
585897
15400
41669196
598391
15420
41491596
617133
15440
41479549
602853
15460
41465269
601962
15480
41630820
599284
15500
41623234
598837
15520
41620556
602854
15540
41528188
601514
15560
41380932
596160
15580
41475087
597053
15600
41459468
599284
15620
41458130
670234
15640
41506322
581435
15660
41751747
598838
15680
41619664
616240
15700
41576380
580989
15720
41062326
597945
15740
40930688
589914
15760
41075266
574295
15780
41536219
1270856
15800
40610297
554661
15820
39377370
614902
15840
39985131
561355
15860
39444304
557338
15880
40682586
599284
15900
40786111
594822
15920
40855722
581881
15940
41798602
595268
15960
41464378
610439
15980
41862858
600177
16000
41629928
587681
16020
41542020
598838
16040
42019931
622487
16060
41614755
708164
16080
41073035
593929
16100
41438941
605532
16120
41527295
611332
16140
41625911
576972
16160
41213597
630073
16180
41621895
577866
16200
41363975
612671
16220
40963263
585451
16240
41331848
578311
16260
41625911
576526
16280
41374685
598391
16300
41343002
614902
16320
40950323
578757
16340
39791915
559570
16360
39946310
574741
16380
40222524
599285
16400
41252864
602854
16420
40956124
560908
16440
40528637
557339
16460
39347919
1391784
16480
39431363
559123
16500
39573263
633644
16520
40734348
561354
16540
40494278
601069
16560
51206421
986609
16580
55483961
608655
16600
42273834
691653
16620
41964152
628735
16640
44671416
1016953
16660
61262610
599730
16680
41590659
599730
16700
41349250
598838
16720
40478214
584112
16740
40839212
583666
16760
42674100
604193
16780
41650900
602854
16800
41443850
605978
16820
41015918
583219
16840
40459472
582327
16860
40405924
583666
16880
40222971
583666
16900
40761122
582773
16920
40438499
585005
16940
40355500
584559
16960
40211815
583220
16980
40031539
556446
17000
39378262
587236
17020
39712041
592144
17040
40433144
557339
17060
39998965
558230
17080
39718734
557338
17100
39409052
573403
17120
39812887
558231
17140
39180583
1426590
17160
39775405
572510
17180
39480894
554215
17200
39752201
555107
17220
39088213
593037
17240
39739706
555108
17260
39670541
555107
17280
39411729
554215
17300
39504544
579650
17320
39821812
555554
17340
39103385
574296
17360
39214943
601515
17380
39226098
611332
17400
39253318
554215
17420
39673218
564032
17440
39209588
558231
17460
39598252
558231
17480
39340779
557784
17500
39201110
555554
17520
40001642
576527
17540
39166304
555553
17560
39668310
554661
17580
39948095
615348
17600
39955681
556000
17620
39934262
597053
17640
39100261
555108
17660
39583081
556892
17680
38975765
605531
17700
41699985
563139
17720
41386734
575187
17740
41051170
593037
17760
41400566
588128
17780
41465715
609102
17800
41350589
1157961
17820
41498737
572956
17840
41822251
624273
17860
41397889
561354
17880
41292133
576527
17900
41207349
601515
17920
41296148
605977
17940
41372900
595268
17960
40950769
553769
17980
41450990
573403
18000
40870001
594376
18020
39755771
553322
18040
39737029
556000
18060
40110075
595268
18080
42040457
578758
18100
40777632
561354
18120
39482233
609547
18140
39462153
556892
18160
38859745
554661
18180
39952111
574741
18200
41417077
605085
18220
41590213
580988
18240
40243943
561355
18260
39899902
560016
18280
39160503
573849
18300
39803517
557785
18320
39494281
593037
18340
40202891
555107
18360
39847693
568494
18380
41748623
610440
18400
41374238
572511
18420
41517924
580096
18440
41835639
572064
18460
42206900
1285582
18480
41911051
616241
18500
41644653
590360
18520
41989587
579203
18540
40837427
556446
18560
39496512
558231
18580
39276076
556892
18600
39492051
573848
18620
39258227
556892
18640
39157379
556446
18660
40571475
600622
18680
41430910
597052
18700
41255988
573403
18720
41555853
596160
18740
41627249
585005
18760
41353712
661756
18780
40058759
555107
18800
39951218
558678
18820
40616098
576526
18840
39289017
553768
18860
40561212
600623
18880
41433587
622934
18900
40980219
592144
18920
41647776
625166
18940
41340772
612225
18960
40441623
556000
18980
39407713
593483
19000
40101151
556892
19020
40134172
618917
19040
41476871
616240
19060
41379594
604638
19080
40273841
614456
19100
40029308
1235158
19120
39835199
555107
19140
39204233
573403
19160
39986024
600623
19180
40583970
594375
19200
39278753
556000
19220
39729890
554215
19240
39278307
555553
19260
39595575
558677
19280
39117218
582328
19300
39797715
559124
19320
39927568
572957
19340
39677681
572510
19360
39823151
591252
19380
39271167
556446
19400
39207803
588575
19420
40178349
590359
19440
39426454
571172
19460
39424669
572510
19480
39502760
576526
19500
39738368
557338
19520
39406821
644799
19540
41206011
615794
19560
41238585
576527
19580
41616987
594822
19600
41694185
614009
19620
41568794
565370
19640
41210027
598838
19660
41524171
560908
19680
42186373
599730
19700
42200653
597499
19720
41424662
599284
19740
41520602
1081210
19760
41279192
560908
19780
41253757
617579
19800
40915963
598392
19820
39691068
557338
19840
41612970
627843
19860
41430464
557338
19880
41381825
562693
19900
40040465
615348
19920
40492046
587682
19940
39271167
584112
19960
39464384
555107
19980
53817746
603300
20000
41061879
564478
